0 0.23934375000000002 0.27627729257641925 0.45265625 0.4138646288209607
0 0.3691640625 0.2624890829694323 0.219921875 0.22078602620087337
0 0.722484375 0.7246943231441048 0.3183125 0.3697816593886463
0 0.5721953125000001 0.47700873362445423 0.210109375 0.19069868995633188
0 0.556625 0.41367903930131 0.1273125 0.13775109170305677
0 0.5419765625 0.38954148471615724 0.095703125 0.09545851528384279
0 0.4136796875 0.268471615720524 0.127796875 0.13563318777292577
0 0.439328125 0.2711353711790393 0.08403125 0.09480349344978166
0 0.5271875 0.36445414847161567 0.093125 0.08641921397379912
0 0.6201328125 0.26688864628820963 0.068765625 0.06320960698689956
0 0.62378125 0.3535589519650655 0.0510625 0.07973799126637555
