0 0.8252812500000001 0.754375 0.34943749999999996 0.4674166666666667
0 0.7463125 0.5304479166666667 0.23996875 0.32102083333333337
0 0.562109375 0.3026875 0.12034375 0.1829583333333333
0 0.2814609375 0.7426979166666666 0.559546875 0.5146041666666666
0 0.3092734375 0.49148958333333337 0.385953125 0.2831458333333333
0 0.34821093750000004 0.35491666666666666 0.22585937500000003 0.14533333333333334
0 0.35071875 0.4848854166666667 0.28759375 0.24489583333333334
0 0.39026562499999995 0.3076979166666666 0.18296874999999999 0.10789583333333333
0 0.378625 0.2466354166666667 0.15209375 0.05239583333333333
0 0.6257187500000001 0.40067708333333335 0.16578125 0.26389583333333333
0 0.5879453124999999 0.32527083333333334 0.133609375 0.180625
0 0.395578125 0.20857291666666666 0.11174999999999999 0.04110416666666667
0 0.6870859374999999 0.45215625 0.184828125 0.29752083333333335
0 0.5765625 0.590625 0.84375 0.8145833333333333
