0 0.312921875 0.6350208333333334 0.1871875 0.17733333333333334
0 0.49871874999999993 0.5316979166666667 0.11434375000000001 0.09397916666666667
0 0.091859375 0.5808958333333333 0.17359375 0.15504166666666666
0 0.6657265625 0.6168541666666667 0.138203125 0.16404166666666667
0 0.8000234374999999 0.43595833333333334 0.062265625000000005 0.05875
0 0.29746875 0.4943854166666667 0.12640625 0.09439583333333333
0 0.7090703125 0.40894791666666663 0.057234375000000004 0.04639583333333333
0 0.682015625 0.4296666666666667 0.05771875 0.06258333333333334
0 0.5683906249999999 0.41671875 0.0600625 0.05310416666666666
0 0.8163359375000001 0.42265625 0.053609375 0.05297916666666667
0 0.613390625 0.39847916666666666 0.048812499999999995 0.04683333333333333
