0 0.251703125 0.6689166666666667 0.037625 0.06238888888888889
0 0.1618125 0.7338333333333333 0.06425 0.11616666666666667
0 0.673265625 0.6127638888888889 0.02809375 0.04236111111111111
0 0.396265625 0.6716527777777778 0.0479375 0.06686111111111111
0 0.5511171874999999 0.5641527777777777 0.021109375 0.03752777777777778
0 0.3142421875 0.7120416666666666 0.073296875 0.10108333333333333
0 0.54140625 0.6467638888888889 0.035875000000000004 0.058638888888888886
0 0.34280468750000004 0.6493194444444446 0.048515625 0.06052777777777778
0 0.470953125 0.5617916666666667 0.017625 0.02013888888888889
0 0.04284375 0.7250972222222223 0.08325 0.042805555555555555
0 0.28472656250000006 0.5952361111111111 0.030140624999999997 0.04608333333333333
0 0.45211718749999996 0.5656111111111112 0.018828125 0.028111111111111108
0 0.2522578125 0.5557916666666667 0.018609375 0.03136111111111111
0 0.38984375 0.6152777777777778 0.7390625 0.2361111111111111
