0 0.5624062499999999 0.72603125 0.18096874999999998 0.19027083333333333
0 0.7938203125 0.8259895833333333 0.23932812499999997 0.2763958333333333
0 0.798328125 0.5888125 0.13415625 0.09341666666666668
0 0.40607812499999996 0.5041458333333334 0.0774375 0.0755
0 0.26818749999999997 0.5331145833333333 0.088625 0.07793749999999999
0 0.07583593749999999 0.5461875 0.081796875 0.07808333333333332
0 0.173578125 0.51209375 0.0728125 0.058312499999999996
0 0.6763125 0.6358541666666667 0.10218750000000001 0.112125
0 0.294359375 0.4885833333333333 0.05375 0.050416666666666665
0 0.9837031249999999 0.7221770833333333 0.03259375 0.14360416666666667
