0 0.511828125 0.49775 0.09121875 0.09008333333333333
0 0.341296875 0.60271875 0.18025 0.17460416666666667
0 0.6955 0.5885104166666667 0.13374999999999998 0.16977083333333332
0 0.70846875 0.3995 0.06409375 0.06166666666666667
0 0.83196875 0.40425 0.06593750000000001 0.062000000000000006
0 0.83846875 0.3896979166666667 0.0398125 0.0539375
0 0.12164062499999999 0.5476458333333334 0.16568750000000002 0.14658333333333334
0 0.6388125 0.36658333333333337 0.05090625 0.043250000000000004
0 0.73775 0.37605208333333334 0.0614375 0.0468125
0 0.3261015625 0.46759375 0.119046875 0.0834375
0 0.5940390625 0.38585416666666666 0.056921875 0.05379166666666667
