0 0.4971875 0.6791041666666667 0.34381249999999997 0.5730416666666667
0 0.7828203125 0.2313125 0.361671875 0.08708333333333333
0 0.41713281249999995 0.14272916666666668 0.333171875 0.23929166666666665
0 0.7727734374999999 0.31838541666666664 0.37092187499999996 0.11147916666666666
0 0.75478125 0.3634895833333333 0.3406875 0.11247916666666667
0 0.422734375 0.21329166666666666 0.33334375 0.20500000000000002
0 0.39104687499999996 0.30044791666666665 0.28790625 0.11422916666666666
0 0.141796875 0.15214583333333334 0.27890625 0.196875
0 0.1453125 0.19277083333333334 0.2859375 0.203125
0 0.1313359375 0.2643541666666666 0.260140625 0.15362499999999998
0 0.39615625 0.3457395833333333 0.3086875 0.10722916666666667
0 0.4074140625 0.3662604166666667 0.303703125 0.10122916666666668
0 0.48744531249999995 0.27780208333333334 0.9748906249999999 0.5556041666666667
0 0.7484375 0.5322916666666667 0.340625 0.36875
