0 0.28841 0.4159333333333333 0.06445999999999999 0.025573333333333333
0 0.17073000000000002 0.37921333333333335 0.046979999999999994 0.017946666666666666
0 0.23954 0.36497333333333326 0.054439999999999995 0.027866666666666665
0 0.19252999999999998 0.42256000000000005 0.08378000000000001 0.02928
0 0.7031799999999999 0.41973333333333335 0.0838 0.025546666666666665
0 0.1869 0.3632266666666666 0.04944 0.01408
0 0.6608299999999999 0.35942666666666667 0.040299999999999996 0.06280000000000001
0 0.50249 0.34761333333333333 0.05114 0.013573333333333333
0 0.55487 0.7638666666666666 0.19178 0.12314666666666667
0 0.44312999999999997 0.6046133333333333 0.14046 0.06528
0 0.23645 0.6433733333333332 0.1245 0.08824000000000001
0 0.2982 0.45026666666666665 0.07456 0.036906666666666664
0 0.19833 0.46672 0.07673999999999999 0.03493333333333333
0 0.588 0.5893333333333334 0.82 0.544
