0 0.27230468750000003 0.6285520833333335 0.260390625 0.23177083333333334
0 0.7209765625 0.26680208333333333 0.087609375 0.0806875
0 0.6872578125 0.8889583333333333 0.299234375 0.17791666666666667
0 0.7348359375 0.43867708333333333 0.139796875 0.0456875
0 0.9769296875 0.3569375 0.046140625000000005 0.03216666666666666
0 0.9169296875 0.47503124999999996 0.159203125 0.12910416666666666
0 0.0614453125 0.42651041666666667 0.066140625 0.10402083333333333
0 0.43079687499999997 0.3282291666666667 0.07459375 0.033166666666666664
0 0.3652578125 0.29663541666666665 0.093984375 0.034312499999999996
0 0.45314062499999996 0.19130208333333334 0.049625 0.06789583333333334
0 0.8668515625 0.16189583333333335 0.040765625 0.03779166666666667
