0 0.12435156250000001 0.7129305555555555 0.154640625 0.2110277777777778
0 0.302734375 0.6296666666666667 0.08215625 0.12361111111111112
0 0.4884140625000001 0.6306388888888889 0.119109375 0.1637222222222222
0 0.6176796875 0.5859305555555555 0.08201562500000001 0.13702777777777778
0 0.7932734375 0.5493194444444445 0.099015625 0.13886111111111113
0 0.633484375 0.40147222222222223 0.0379375 0.05555555555555555
0 0.5488828124999999 0.3342222222222222 0.027234374999999998 0.04722222222222222
0 0.39747656249999996 0.3385277777777778 0.030265625 0.04044444444444444
0 0.263296875 0.4174166666666667 0.02315625 0.030333333333333334
0 0.18878124999999998 0.579875 0.10112499999999999 0.12436111111111112
0 0.05240625 0.4613194444444445 0.0663125 0.0926388888888889
0 0.90328125 0.5280277777777778 0.06153125 0.1093888888888889
0 0.9410859374999999 0.3654305555555556 0.017765625 0.03925
0 0.4703125 0.5652777777777778 0.9375 0.6138888888888889
