0 0.7891796875 0.6511250000000001 0.12054687500000001 0.16999999999999998
0 0.6606562500000001 0.46175 0.05421875 0.057291666666666664
0 0.2317421875 0.7269687499999999 0.10279687500000001 0.17302083333333332
0 0.33804687499999997 0.5813854166666667 0.0999375 0.10760416666666667
0 0.7351953125 0.55865625 0.099765625 0.1086875
0 0.6279140625 0.39473958333333337 0.057015625 0.0654375
0 0.5826796875 0.3339270833333333 0.039921875 0.034895833333333334
0 0.39657031249999997 0.42196874999999995 0.038609375 0.049229166666666664
0 0.8461796874999999 0.3746875 0.049296875000000004 0.056125
0 0.8007265625000001 0.34228125000000004 0.046859374999999995 0.0558125
0 0.7495390625 0.3255208333333333 0.034453125 0.03983333333333334
0 0.43900781250000004 0.351 0.045265625 0.046
0 0.373625 0.48690625 0.051625 0.07289583333333334
0 0.48984375 0.41354166666666664 0.8734375 0.15208333333333332
