0 0.569328125 0.5702395833333332 0.22218749999999998 0.18185416666666668
0 0.38938281249999995 0.5285625 0.18267187499999998 0.1565
0 0.159328125 0.47065625 0.13365625 0.10981250000000001
0 0.0702578125 0.4523645833333333 0.076296875 0.09585416666666666
0 0.7283515625 0.440375 0.127703125 0.10504166666666667
0 0.4868203125 0.41732291666666665 0.104359375 0.07868750000000001
0 0.8879531249999999 0.45192708333333337 0.13553125 0.11268750000000001
0 0.5835078125 0.38344791666666667 0.078890625 0.059604166666666666
0 0.3967890625 0.40947916666666667 0.09376562499999999 0.07604166666666666
0 0.649640625 0.3863854166666666 0.05525 0.06035416666666667
